1;0.37
2;0.1
3;0
4;0.04
5;0.48
6;0.16
7;0.62
8;0.03
9;0.03
10;0
11;0.29
12;0.03
13;0.12
14;0.03
15;0.1
16;0.2
17;0.19
18;0.13
19;0.06
20;0.27
21;0.27
22;0
23;0.09
24;0.03
25;0.2
26;0.01
27;0.01
28;0.19
29;0.1
30;0
31;0.42
32;0
33;0.1
34;0.31
35;0
36;0.24
37;0
38;0.13
39;0.12
40;0.23
41;0.19
42;0
43;0.01
44;0.01
45;0.28
46;0.11
47;0
48;0.13
49;0.06
50;0.25
51;0.05
52;0.15
53;0.09
54;0.19
55;0.02
56;0.18
57;0.27
58;0.4
59;0
60;0.05
61;0
62;0
63;0.13
64;0.4
65;0.26
66;0.44
67;0.13
68;0.21
69;0.57
70;0.04
71;0.02
72;0.23
73;0.29
74;0.47
75;0.14
76;0.06
77;0.03
78;0.03
79;0.06
80;0.32
81;0.17
82;0.12
83;0.01
84;0.55
85;0.03
86;0.04
87;0.06
88;0.2
89;0.19
90;0
91;0.11
92;0.28
93;0.15
94;0.01
95;0.01
96;0.63
97;0.04
98;0.12
99;0.27
100;0.33
101;0.05
102;0
103;0.21
104;0.07
105;0.02
106;0.31
107;0.07
108;0.07
109;0.02
110;0.07
111;0.04
112;0.55
113;0.19
114;0.22
115;0.08
116;0.19
117;0.11
118;0.01
119;0.1
120;0.15
121;0.03
122;0.06
123;0.03
124;0.04
125;0.04
126;0.33
127;0.1
128;0.03
129;0.14
130;0.38
131;0
132;0.04
133;0.71
134;0.05
135;0.04
136;0.42
137;0.04
138;0.23
139;0.46
140;0.31
141;0.01
142;0.35
143;0.17
144;0.25
145;0
146;0.04
147;0.07
148;0.26
149;0.09
150;0.17
151;0.02
152;0
153;0.03
154;0.01
155;0.21
156;0.01
157;0.21
158;0.57
159;0.12
160;0.69
161;0.05
162;0.01
163;0.03
164;0.05
165;0.59
166;0.15
167;0.09
168;0
169;0.33
170;0.01
171;0.39
172;0.46
173;0.03
174;0.01
175;0.16
176;0
177;0.07
178;0.05
179;0.23
180;0
181;0.15
182;0.33
183;0
184;0.63
185;0.1
186;0.02
187;0.17
188;0.3
189;0.14
190;0.15
191;0.01
192;0.31
193;0.03
194;0.09
195;0.04
196;0.03
197;0.02
198;0.01
199;0.26
200;0.24
201;0.3
202;0.03
203;0.13
204;0.17
205;0.32
206;0.16
207;0.05
208;0.07
209;0.05
210;0.06
211;0
212;0.12
213;0
214;0.12
215;0.04
216;0.4
217;0.07
218;0.1
219;0.24
220;0.17
221;0.05
222;0.55
223;0.03
224;0.06
225;0.67
226;0.02
227;0.06
228;0.03
229;0
230;0.45
231;0.3
232;0.09
233;0.02
234;0.06
235;0.25
236;0.1
237;0.13
238;0
239;0.35
240;0.04
241;0.2
242;0.08
243;0.21
244;0.04
245;0.02
246;0.38
247;0.3
248;0.51
249;0.22
250;0.17
251;0.31
252;0.05
253;0.11
254;0.01
255;0.02
256;0.14
257;0.5
258;0.01
259;0.02
260;0.11
261;0.01
262;0.09
263;0.01
264;0.05
265;0.12
266;0.01
267;0.44
268;0
269;0.07
270;0.34
271;0.13
272;0.25
273;0.39
274;0.02
275;0
276;0.13
277;0
278;0.15
279;0.22
280;0.01
281;0.41
282;0.03
283;0.2
284;0.14
285;0.56
286;0.38
287;0.51
288;0.24
289;0.07
290;0.35
291;0.02
292;0.13
293;0.21
294;0.02
295;0.05
296;0.18
297;0.16
298;0.1
299;0.03
300;0.64
301;0.2
302;0.05
303;0
304;0
305;0.01
306;0.05
307;0.07
308;0.15
309;0.22
310;0.15
311;0
312;0.19
313;0
314;0.04
315;0.35
316;0
317;0.02
318;0.04
319;0.26
320;0.44
321;0.08
322;0.19
323;0.23
324;0.01
325;0.35
326;0.03
327;0.41
328;0.13
329;0.1
330;0.17
331;0.04
332;0.18
333;0.14
334;0.38
335;0.22
336;0.17
337;0.03
338;0.18
339;0.07
340;0.54
341;0.35
342;0.11
343;0.01
344;0.33
345;0.13
346;0.12
347;0.23
348;0.14
349;0
350;0.39
351;0.24
352;0.33
353;0.04
354;0.14
355;0.01
356;0.39
357;0.59
358;0.07
359;0.31
360;0.01
361;0
362;0.01
363;0.41
364;0.17
365;0.02
366;0.45
367;0.34
368;0.48
369;0.15
370;0.68
371;0.01
372;0.01
373;0.01
374;0.18
375;0.02
376;0
377;0
378;0.2
379;0.08
380;0.51
381;0.19
382;0
383;0.57
384;0.01
385;0.06
386;0.6
387;0.02
388;0.02
389;0.16
390;0
391;0.12
392;0.05
393;0.46
394;0.19
395;0.03
396;0.22
397;0
398;0.01
399;0.03
400;0.05
401;0.26
402;0.22
403;0.09
404;0.04
405;0.14
406;0.21
407;0.34
408;0.11
409;0
410;0.02
411;0.11
412;0.01
413;0.04
414;0.58
415;0
416;0
417;0.1
418;0.16
419;0.02
420;0.29
421;0.01
422;0.41
423;0.02
424;0.19
425;0.06
426;0.14
427;0.07
428;0.02
429;0.1
430;0.33
431;0.23
432;0.05
433;0.58
434;0
435;0.12
436;0
437;0.04
438;0.13
439;0.14
440;0.13
441;0.02
442;0.09
443;0.02
444;0.03
445;0.01
446;0
447;0
448;0.01
449;0.37
450;0.13
451;0.18
452;0.05
453;0.07
454;0.53
455;0.02
456;0
457;0.07
458;0.01
459;0.59
460;0.33
461;0.07
462;0.02
463;0.21
464;0.11
465;0.35
466;0.38
467;0.1
468;0.36
469;0.19
470;0.37
471;0.24
472;0.01
473;0.07
474;0
475;0.02
476;0.04
477;0.65
478;0
479;0.19
480;0.44
481;0.48
482;0.01
483;0.16
484;0.06
485;0.06
486;0.02
487;0
488;0.17
489;0.25
490;0.43
491;0.02
492;0.04
493;0.17
494;0.04
495;0.07
496;0
497;0.17
498;0.23
499;0.03
500;0.03
501;0.03
502;0
503;0.12
504;0
505;0.02
506;0.17
507;0.22
508;0.34
509;0
510;0.24
511;0.11
512;0.06
513;0.47
514;0.09
515;0.15
516;0.09
517;0.08
518;0.01
519;0.08
520;0.19
521;0.33
522;0.03
523;0.04
524;0.06
525;0.33
526;0.09
527;0
528;0.09
529;0.13
530;0.4
531;0.09
532;0.01
533;0.07
534;0.01
535;0.06
536;0.46
537;0
538;0.07
539;0.28
540;0.06
541;0.02
542;0.24
543;0.79
544;0
545;0.05
546;0.13
547;0.04
548;0.19
549;0.28
550;0.54
551;0
552;0.11
553;0.37
554;0.05
555;0.08
556;0.08
557;0.23
558;0.07
559;0.01
560;0.24
561;0.22
562;0.01
563;0.1
564;0
565;0.44
566;0.08
567;0.09
568;0.01
569;0.04
570;0.03
571;0.1
572;0
573;0.11
574;0
575;0.12
576;0.16
577;0.29
578;0.1
579;0
580;0.3
581;0.06
582;0.32
583;0.01
584;0.05
585;0.07
586;0.02
587;0.1
588;0.37
589;0
590;0.35
591;0.55
592;0.19
593;0.03
594;0.01
595;0.15
596;0.05
597;0
598;0
599;0.38
600;0.01
601;0.14
602;0.02
603;0.28
604;0
605;0.12
606;0.02
607;0.01
608;0.17
609;0.12
610;0.31
611;0
612;0.24
613;0.05
614;0.65
615;0.06
616;0.06
617;0.01
618;0.57
619;0.37
620;0.16
621;0.04
622;0.26
623;0.51
624;0
625;0.01
626;0.08
627;0.02
628;0.09
629;0.03
630;0.02
631;0.46
632;0.18
633;0.08
634;0.03
635;0.3
636;0.17
637;0.24
638;0.14
639;0.01
640;0
641;0.58
642;0.04
643;0.05
644;0.29
645;0.17
646;0.02
647;0.06
648;0.05
649;0.1
650;0.08
651;0.07
652;0.02
653;0.34
654;0.08
655;0.01
656;0.21
657;0.23
658;0.44
659;0
660;0.19
661;0.02
662;0
663;0.07
664;0.02
665;0.22
666;0.05
667;0.36
668;0
669;0.04
670;0
671;0.59
672;0
673;0.02
674;0.08
675;0.03
676;0.01
677;0.04
678;0.01
679;0.07
680;0.01
681;0.27
682;0.05
683;0.26
684;0.02
685;0.05
686;0.12
687;0.1
688;0.03
689;0.17
690;0.35
691;0.49
692;0.03
693;0.04
694;0.2
695;0
696;0.02
697;0.12
698;0.01
699;0.31
700;0.56
701;0.38
702;0.12
703;0.2
704;0.15
705;0
706;0.07
707;0.06
708;0.32
709;0.28
710;0.03
711;0.01
712;0.12
713;0.38
714;0.09
715;0.09
716;0.03
717;0.01
718;0.24
719;0
720;0.28
721;0.07
722;0.01
723;0.09
724;0.06
725;0.08
726;0.06
727;0.07
728;0.12
729;0.11
730;0.23
731;0.21
732;0.06
733;0.22
734;0.01
735;0
736;0.23
737;0.08
738;0.22
739;0.02
740;0.38
741;0.01
742;0.4
743;0
744;0.02
745;0.17
746;0.02
747;0.01
748;0.09
749;0.38
750;0.33
751;0.41
752;0.22
753;0.03
754;0.13
755;0.01
756;0.31
757;0
758;0.05
759;0.05
760;0.4
761;0.08
762;0.02
763;0.17
764;0.13
765;0
766;0.09
767;0
768;0.08
769;0.2
770;0.54
771;0.06
772;0.04
773;0.29
774;0.36
775;0.1
776;0
777;0.14
778;0.13
779;0.02
780;0
781;0.19
782;0.56
783;0.34
784;0.03
785;0.13
786;0.08
787;0.12
788;0.01
789;0.02
790;0.01
791;0.1
792;0.14
793;0.13
794;0.39
795;0.11
796;0.06
797;0
798;0.24
799;0.17
800;0.06
801;0.14
802;0.08
803;0.1
804;0.04
805;0.11
806;0.12
807;0.04
808;0.01
809;0.03
810;0.02
811;0.17
812;0.12
813;0.07
814;0.05
815;0.22
816;0.04
817;0.28
818;0.02
819;0.29
820;0.06
821;0.09
822;0.1
823;0.18
824;0.5
825;0.13
826;0.26
827;0.03
828;0.15
829;0.33
830;0.26
831;0.06
832;0.04
833;0.12
834;0.1
835;0
836;0.12
837;0.25
838;0.37
839;0.17
840;0.01
841;0.39
842;0.3
843;0.02
844;0.04
845;0
846;0.04
847;0.1
848;0.14
849;0.01
850;0
851;0
852;0.03
853;0.01
854;0.1
855;0
856;0.14
857;0.01
858;0.43
859;0.47
860;0.02
861;0.07
862;0.01
863;0.06
864;0.01
865;0
866;0.28
867;0.01
868;0.18
869;0.06
870;0.13
871;0.04
872;0.02
873;0.33
874;0.7
875;0.05
876;0.02
877;0.81
878;0.37
879;0.12
880;0.07
881;0.05
882;0.03
883;0.23
884;0.21
885;0.26
886;0
887;0.57
888;0.29
889;0.19
890;0.08
891;0.18
892;0.51
893;0.24
894;0.14
895;0.05
896;0.09
897;0.35
898;0.03
899;0
900;0.44
901;0.1
902;0.32
903;0.52
904;0.08
905;0.03
906;0.21
907;0.04
908;0.09
909;0.02
910;0
911;0.18
912;0.13
913;0.49
914;0
915;0.12
916;0.07
917;0.14
918;0.44
919;0.06
920;0.06
921;0
922;0.43
923;0.14
924;0.08
925;0.13
926;0.05
927;0.04
928;0.24
929;0.05
930;0.17
931;0
932;0.26
933;0.15
934;0.25
935;0.38
936;0.14
937;0.37
938;0.21
939;0.26
940;0.04
941;0.26
942;0.12
943;0.2
944;0.3
945;0.09
946;0.45
947;0
948;0.05
949;0.16
950;0.05
951;0.19
952;0.02
953;0.2
954;0.11
955;0.09
956;0
957;0.2
958;0.55
959;0.56
960;0.21
961;0.33
962;0.27
963;0
964;0.26
965;0.01
966;0.11
967;0.15
968;0
969;0.1
970;0.22
971;0.23
972;0
973;0.02
974;0.02
975;0.39
976;0.12
977;0.07
978;0.03
979;0
980;0
981;0.24
982;0
983;0.18
984;0.1
985;0.33
986;0.05
987;0.43
988;0.11
989;0.21
990;0.04
991;0.01
992;0.07
993;0
994;0.02
995;0.01
996;0.32
997;0.08
998;0.11
999;0.18
1000;0.01
