1;0.03
2;0.21
3;0.15
4;0.04
5;0.29
6;0
7;0.01
8;0.32
9;0.03
10;0.31
11;0.15
12;0
13;0.81
14;0.12
15;0.12
16;0.02
17;0.03
18;0.18
19;0.25
20;0.21
21;0.27
22;0.17
23;0.75
24;0.22
25;0.13
26;0.04
27;0.07
28;0.02
29;0.01
30;0.04
31;0.23
32;0.32
33;0.01
34;0.02
35;0.1
36;0.05
37;0.16
38;0.07
39;0.08
40;0.66
41;0.39
42;0.13
43;0.21
44;0.13
45;0.02
46;0.02
47;0.48
48;0.29
49;0.51
50;0.82
51;0.27
52;0.03
53;0
54;0.07
55;0.11
56;0.11
57;0
58;0.01
59;0.19
60;0.74
61;0.05
62;0.05
63;0.11
64;0.04
65;0.23
66;0.2
67;0.08
68;0.69
69;0
70;0.05
71;0.11
72;0.03
73;0.2
74;0.01
75;0.14
76;0.04
77;0.02
78;0.03
79;0.03
80;0.01
81;0.25
82;0.12
83;0.02
84;0.54
85;0.13
86;0.18
87;0.14
88;0
89;0.18
90;0.14
91;0.12
92;0.3
93;0.99
94;0.23
95;0.04
96;0.43
97;0.13
98;0.78
99;0.11
100;0.02
101;0.1
102;0.12
103;0.08
104;0.12
105;0.11
106;0.03
107;0.1
108;0.06
109;0.44
110;0.17
111;0.16
112;0.08
113;0.16
114;0.4
115;0.19
116;0.18
117;0.18
118;0.03
119;0.11
120;0.1
121;0.04
122;0.07
123;0.37
124;0.12
125;0.07
126;0.13
127;0.02
128;0.09
129;0.05
130;0.02
131;0.88
132;0
133;0
134;0
135;0.03
136;0.35
137;0.07
138;0.03
139;0.27
140;0.04
141;0.17
142;0.42
143;0.29
144;0.04
145;0.01
146;0.02
147;0.52
148;0.31
149;0.12
150;0.07
151;0.18
152;0.08
153;0.09
154;0.04
155;0.17
156;0.22
157;0.01
158;0.24
159;0.02
160;0.41
161;0
162;0.6
163;0.07
164;0.49
165;0
166;0.01
167;0.03
168;0.31
169;0.16
170;0.17
171;0.06
172;0.18
173;0.02
174;0.75
175;0.61
176;0.03
177;0.16
178;0
179;0.13
180;0.03
181;0.17
182;0.13
183;0.11
184;0
185;0.04
186;0.39
187;0.31
188;0.41
189;0
190;0.1
191;0
192;0.08
193;0.06
194;0.12
195;0.67
196;0.43
197;0.06
198;0.03
199;0.17
200;0.22
201;0.16
202;0.01
203;0.09
204;0.02
205;0.04
206;0.03
207;0.06
208;0.22
209;0.1
210;0.17
211;0.06
212;0.07
213;0.48
214;0.02
215;0.02
216;0.28
217;0.27
218;0.2
219;0.1
220;0.03
221;0.11
222;0.15
223;0.73
224;0.01
225;0.02
226;0.45
227;0.05
228;0.1
229;0.39
230;0.33
231;0.02
232;0.12
233;0.5
234;0.6
235;0.18
236;0.08
237;0.05
238;0.43
239;0.21
240;0.22
241;0.05
242;0.51
243;0.04
244;0.1
245;0.05
246;0.56
247;0
248;0.51
249;0.01
250;0.02
251;0.31
252;0.14
253;0.14
254;0.01
255;0.01
256;0.56
257;0.02
258;0.05
259;0.12
260;0
261;0.12
262;0.61
263;0.22
264;0.04
265;0.29
266;0.01
267;0.09
268;0.06
269;0.01
270;0.08
271;0.72
272;0.1
273;0.13
274;0.01
275;0.02
276;0
277;0.06
278;0.16
279;0.07
280;0.08
281;0.22
282;0
283;0.16
284;0.05
285;0
286;0.25
287;0.08
288;0.09
289;0.07
290;0.06
291;0.02
292;0.45
293;0
294;0.03
295;0.65
296;0.04
297;0
298;0.02
299;0.14
300;0.28
301;0.1
302;0.17
303;0.25
304;0.46
305;0.57
306;0.3
307;0.7
308;0.05
309;0.07
310;0.75
311;0.25
312;0
313;0.06
314;0.07
315;0.18
316;0.06
317;0.13
318;0.31
319;0.02
320;0.05
321;0.04
322;0.59
323;0.17
324;0.09
325;0.13
326;0.21
327;0.04
328;0.1
329;0.08
330;0.08
331;0.27
332;0
333;0
334;0.03
335;0.49
336;0.01
337;0.06
338;0.01
339;0.11
340;0.25
341;0
342;0.23
343;0.26
344;0.58
345;0.06
346;0.2
347;0.06
348;0.8
349;0.05
350;0.17
351;0
352;0.49
353;0.01
354;0.19
355;0.06
356;0
357;0.18
358;0.64
359;0.01
360;0.01
361;0.1
362;0.07
363;0.05
364;0.09
365;0.15
366;0.12
367;0
368;0.02
369;0.02
370;0.18
371;0.13
372;0.09
373;0.02
374;0.06
375;0.17
376;0.17
377;0.09
378;0.06
379;0
380;0.01
381;0.23
382;0.11
383;0.1
384;0.06
385;0.18
386;0.12
387;0.02
388;0.18
389;0.24
390;0.41
391;0.22
392;0.1
393;0.16
394;0.15
395;0.11
396;0.19
397;0.06
398;0
399;0.1
400;0.28
401;0.11
402;0
403;0.03
404;0.11
405;0.04
406;0.02
407;0.02
408;0.1
409;0.04
410;0.12
411;0.15
412;0.07
413;0.06
414;0.06
415;0.17
416;0.61
417;0.13
418;0.04
419;0.2
420;0.01
421;0.1
422;0.64
423;0.03
424;0.13
425;0.18
426;0.04
427;0.45
428;0.04
429;0.07
430;0.06
431;0.07
432;0.02
433;0.23
434;0
435;0.07
436;0.18
437;0.65
438;0.05
439;0.05
440;0.1
441;0.11
442;0
443;0.01
444;0.03
445;0.06
446;0.28
447;0.21
448;0.06
449;0.02
450;0.37
451;0.08
452;0.51
453;0.34
454;0.44
455;0.65
456;0.15
457;0.18
458;0.05
459;0.02
460;0.13
461;0
462;0.1
463;0
464;0.01
465;0.02
466;0.07
467;0.01
468;0
469;0.2
470;0.02
471;0.51
472;0.35
473;0.16
474;0.2
475;0.29
476;0.16
477;0.27
478;0.01
479;0.04
480;0.04
481;0.03
482;0
483;0.01
484;0.14
485;0.01
486;0
487;0.01
488;0.01
489;0.31
490;0.18
491;0.26
492;0.02
493;0.1
494;0.13
495;0
496;0.06
497;0.16
498;0
499;0.29
500;0.01
501;0.01
502;0
503;0.04
504;0.03
505;0.15
506;0.32
507;0.19
508;0.13
509;0.03
510;0.22
511;0.32
512;0.07
513;0.13
514;0.04
515;0.17
516;0.28
517;0.11
518;0.02
519;0.06
520;0.01
521;0.29
522;0.05
523;0
524;0.12
525;0.04
526;0.08
527;0.01
528;0
529;0.22
530;0
531;0
532;0.04
533;0.16
534;0.01
535;0.09
536;0.02
537;0.64
538;0.01
539;0.01
540;0
541;0.04
542;0.03
543;0.3
544;0.01
545;0.03
546;0.03
547;0.13
548;0.2
549;0.22
550;0.21
551;0.11
552;0.05
553;0.37
554;0.02
555;0.01
556;0.02
557;0.17
558;0.44
559;0
560;0.16
561;0.03
562;0.17
563;0.06
564;0.02
565;0.18
566;0.01
567;0.02
568;0.18
569;0.08
570;0.2
571;0.28
572;0.39
573;0.01
574;0.24
575;0.17
576;0.09
577;0.36
578;0.05
579;0.72
580;0.24
581;0.19
582;0
583;0.01
584;0.1
585;0.53
586;0.62
587;0.04
588;0.1
589;0.56
590;0.17
591;0.09
592;0.11
593;0.21
594;0.04
595;0.07
596;0.27
597;0.19
598;0.12
599;0.15
600;0.24
601;0.22
602;0.05
603;0.01
604;0.02
605;0.09
606;0
607;0.07
608;0.04
609;0.07
610;0.15
611;0.02
612;0.26
613;0.21
614;0.16
615;0
616;0.46
617;0.12
618;0.1
619;0.02
620;0
621;0
622;0.2
623;0.07
624;0.22
625;0.18
626;0.01
627;0.04
628;0.42
629;0.07
630;0.25
631;0.14
632;0.04
633;0
634;0.01
635;0.03
636;0.18
637;0.16
638;0.09
639;0.04
640;0.3
641;0.15
642;0.26
643;0.06
644;0.35
645;0.11
646;0.75
647;0.23
648;0
649;0.03
650;0.16
651;0.09
652;0.06
653;0.22
654;0.11
655;0.16
656;0.1
657;0.02
658;0.12
659;0.28
660;0.19
661;0.14
662;0.03
663;0.02
664;0.08
665;0.15
666;0.01
667;0.05
668;0.03
669;0.33
670;0.11
671;0.12
672;0.26
673;0.7
674;0.27
675;0.2
676;0.62
677;0.37
678;0
679;0.14
680;0.27
681;0.02
682;0.05
683;0.01
684;0.06
685;0.08
686;0.15
687;0.03
688;0.43
689;0.62
690;0.26
691;0.43
692;0.09
693;0.06
694;0.12
695;0.26
696;0
697;0.15
698;0.1
699;0.01
700;0.02
701;0.02
702;0.35
703;0.23
704;0.04
705;0.28
706;0.1
707;0.16
708;0.35
709;0.23
710;0
711;0.13
712;0.19
713;0
714;0.89
715;0.03
716;0.18
717;0.05
718;0.02
719;0.28
720;0.5
721;0
722;0.17
723;0.02
724;0.17
725;0.15
726;0.21
727;0.12
728;0.09
729;0.74
730;0.74
731;0.15
732;0.43
733;0.02
734;0
735;0.03
736;0.01
737;0.04
738;0.06
739;0.03
740;0.12
741;0.65
742;0.25
743;0.21
744;0.3
745;0
746;0.02
747;0.17
748;0.12
749;0.01
750;0.03
751;0
752;0
753;0.18
754;0.06
755;0.07
756;0.66
757;0.21
758;0.12
759;0.15
760;0.04
761;0.05
762;0.47
763;0.01
764;0.23
765;0.01
766;0.03
767;0.08
768;0
769;0.02
770;0.2
771;0.07
772;0.11
773;0.11
774;0.01
775;0
776;0.01
777;0
778;0
779;0.1
780;0.1
781;0.51
782;0.35
783;0.09
784;0.01
785;0.17
786;0.2
787;0.04
788;0.03
789;0.42
790;0.02
791;0.11
792;0.14
793;0.18
794;0.39
795;0.02
796;0.01
797;0.61
798;0.05
799;0.18
800;0.46
801;0.3
802;0.8
803;0.04
804;0.18
805;0.1
806;0.08
807;0.04
808;0.04
809;0.01
810;0.01
811;0.19
812;0.1
813;0.01
814;0.26
815;0.66
816;0.29
817;0.11
818;0.09
819;0
820;0.01
821;0.22
822;0.14
823;0.15
824;0.19
825;0
826;0.58
827;0.06
828;0.04
829;0.09
830;0.02
831;0.01
832;0.08
833;0
834;0.01
835;0.02
836;0.16
837;0.28
838;0.02
839;0.13
840;0.19
841;0
842;0.68
843;0.07
844;0.83
845;0
846;0.07
847;0.38
848;0.04
849;0.06
850;0.14
851;0.03
852;0.05
853;0
854;0.12
855;0.17
856;0.34
857;0.07
858;0.49
859;0.07
860;0.37
861;0.32
862;0.28
863;0.82
864;0.16
865;0.21
866;0.02
867;0.33
868;0.29
869;0.06
870;0.35
871;0.09
872;0.26
873;0.19
874;0.03
875;0.1
876;0
877;0.17
878;0.23
879;0.01
880;0.04
881;0.16
882;0
883;0.18
884;0.1
885;0.2
886;0.23
887;0.01
888;0
889;0.14
890;0.08
891;0.03
892;0
893;0.02
894;0.02
895;0.04
896;0.08
897;0.51
898;0.39
899;0.03
900;0.22
901;0.01
902;0.02
903;0.06
904;0.11
905;0.4
906;0
907;0.08
908;0.13
909;0.06
910;0.31
911;0
912;0.1
913;0.12
914;0.26
915;0.25
916;0.13
917;0.07
918;0.18
919;0.27
920;0.01
921;0.01
922;0.31
923;0.08
924;0.02
925;0.28
926;0.21
927;0.29
928;0.03
929;0.1
930;0.13
931;0.01
932;0.05
933;0.25
934;0
935;0
936;0.13
937;0.05
938;0.12
939;0.01
940;0.02
941;0.04
942;0
943;0.22
944;0.43
945;0.01
946;0
947;0.08
948;0.08
949;0.61
950;0.03
951;0.25
952;0.03
953;0.01
954;0.18
955;0.04
956;0.24
957;0.87
958;0.18
959;0
960;0
961;0.12
962;0.07
963;0.01
964;0.07
965;0.04
966;0.39
967;0.54
968;0.05
969;0.43
970;0.05
971;0.28
972;0.01
973;0
974;0.24
975;0.13
976;0.26
977;0.19
978;0.15
979;0.28
980;0.04
981;0.07
982;0.18
983;0.02
984;0.31
985;0
986;0.07
987;0.01
988;0.08
989;0.24
990;0.05
991;0
992;0.33
993;0.16
994;0.04
995;0.08
996;0.07
997;0.19
998;0.11
999;0.07
1000;0.03
