1;0.04
2;0.01
3;0
4;0.01
5;0.02
6;0
7;0.18
8;0.02
9;0.07
10;0.01
11;0.02
12;0.04
13;0.02
14;0.01
15;0.02
16;0.52
17;0
18;0.01
19;0.03
20;0
21;0
22;0.01
23;0.05
24;0.01
25;0.01
26;0
27;0.1
28;0.01
29;0.07
30;0.04
31;0.01
32;0
33;0.03
34;0
35;0
36;0
37;0
38;0
39;0.01
40;0.04
41;0
42;0.01
43;0.05
44;0.03
45;0.07
46;0
47;0
48;0
49;0.03
50;0.07
51;0.01
52;0
53;0.17
54;0
55;0.02
56;0.01
57;0.01
58;0
59;0.01
60;0.02
61;0.08
62;0.04
63;0
64;0.01
65;0
66;0.02
67;0
68;0
69;0.04
70;0.04
71;0
72;0
73;0.01
74;0
75;0.01
76;0
77;0.09
78;0.06
79;0
80;0.05
81;0.02
82;0.07
83;0.02
84;0
85;0.01
86;0
87;0.03
88;0
89;0.01
90;0.01
91;0.08
92;0
93;0.01
94;0.04
95;0.14
96;0.02
97;0.14
98;0
99;0
100;0.05
101;0.01
102;0.02
103;0
104;0.01
105;0.02
106;0.01
107;0.06
108;0.03
109;0.03
110;0
111;0
112;0
113;0.01
114;0.05
115;0
116;0.01
117;0
118;0.01
119;0
120;0.05
121;0.41
122;0
123;0
124;0
125;0.04
126;0.02
127;0
128;0
129;0.03
130;0.02
131;0.12
132;0.18
133;0
134;0.06
135;0.13
136;0
137;0
138;0
139;0.03
140;0
141;0.06
142;0
143;0
144;0.02
145;0
146;0.03
147;0
148;0
149;0.03
150;0.18
151;0
152;0
153;0.03
154;0.04
155;0.07
156;0
157;0.15
158;0
159;0.01
160;0
161;0.01
162;0.02
163;0.06
164;0.11
165;0
166;0.05
167;0
168;0.02
169;0
170;0.02
171;0.01
172;0
173;0.04
174;0.2
175;0.02
176;0.06
177;0.01
178;0.03
179;0.05
180;0.01
181;0.01
182;0
183;0
184;0
185;0.01
186;0.01
187;0.01
188;0
189;0.03
190;0.08
191;0.02
192;0
193;0.01
194;0
195;0
196;0.26
197;0
198;0
199;0
200;0.02
201;0
202;0
203;0.06
204;0.29
205;0
206;0.03
207;0
208;0
209;0
210;0
211;0.02
212;0.01
213;0
214;0
215;0.09
216;0.33
217;0
218;0.12
219;0.02
220;0
221;0.01
222;0
223;0
224;0.02
225;0
226;0.07
227;0.48
228;0.03
229;0
230;0.03
231;0.05
232;0.06
233;0.21
234;0
235;0.17
236;0.02
237;0
238;0.01
239;0
240;0
241;0.01
242;0.03
243;0.08
244;0
245;0
246;0
247;0
248;0.04
249;0.06
250;0.02
251;0.03
252;0
253;0.09
254;0.03
255;0.1
256;0.02
257;0.26
258;0.01
259;0
260;0.18
261;0
262;0.02
263;0.06
264;0.02
265;0
266;0.04
267;0.02
268;0.05
269;0
270;0
271;0
272;0.01
273;0.18
274;0.01
275;0.22
276;0
277;0
278;0.08
279;0
280;0.16
281;0.03
282;0
283;0.14
284;0
285;0
286;0.01
287;0
288;0.04
289;0.32
290;0
291;0
292;0
293;0
294;0.02
295;0.24
296;0.12
297;0.06
298;0
299;0
300;0
301;0
302;0
303;0.01
304;0.01
305;0
306;0.05
307;0
308;0.02
309;0.01
310;0.03
311;0.16
312;0
313;0
314;0.01
315;0.02
316;0.01
317;0.05
318;0.03
319;0.03
320;0.03
321;0.01
322;0.01
323;0.01
324;0
325;0.01
326;0.04
327;0.31
328;0.01
329;0.04
330;0.01
331;0.62
332;0.01
333;0.08
334;0.06
335;0
336;0
337;0.05
338;0.01
339;0.03
340;0.02
341;0
342;0
343;0
344;0.01
345;0
346;0
347;0
348;0.02
349;0.02
350;0.06
351;0.02
352;0
353;0.06
354;0.03
355;0.01
356;0.02
357;0.02
358;0.24
359;0.07
360;0
361;0.02
362;0.07
363;0.11
364;0.01
365;0.08
366;0
367;0.01
368;0.09
369;0
370;0.02
371;0.02
372;0.01
373;0.05
374;0.03
375;0.02
376;0.01
377;0.02
378;0
379;0.02
380;0.02
381;0
382;0.01
383;0.2
384;0
385;0.01
386;0.1
387;0
388;0.02
389;0.01
390;0.01
391;0.02
392;0.03
393;0.01
394;0.01
395;0.01
396;0
397;0
398;0.02
399;0.05
400;0.3
401;0.08
402;0.3
403;0.01
404;0.03
405;0.07
406;0.03
407;0
408;0
409;0
410;0.14
411;0
412;0.02
413;0
414;0
415;0.11
416;0.1
417;0
418;0.02
419;0
420;0.27
421;0
422;0.04
423;0.05
424;0.08
425;0.08
426;0.01
427;0.01
428;0
429;0
430;0
431;0
432;0
433;0.02
434;0.01
435;0
436;0
437;0
438;0.05
439;0.01
440;0.02
441;0.31
442;0.04
443;0
444;0
445;0.01
446;0.62
447;0.01
448;0
449;0
450;0.02
451;0.09
452;0.1
453;0.08
454;0.01
455;0
456;0.07
457;0.03
458;0.02
459;0
460;0
461;0
462;0.05
463;0.05
464;0
465;0
466;0.03
467;0.04
468;0.15
469;0
470;0
471;0.03
472;0.01
473;0.01
474;0.03
475;0.01
476;0.04
477;0.01
478;0
479;0.01
480;0.07
481;0.06
482;0
483;0.01
484;0.02
485;0.28
486;0.06
487;0
488;0.02
489;0
490;0.18
491;0.01
492;0
493;0
494;0.15
495;0.01
496;0
497;0.03
498;0
499;0.01
500;0.21
501;0.04
502;0.1
503;0.07
504;0.09
505;0.02
506;0.04
507;0.01
508;0
509;0
510;0.01
511;0.01
512;0.01
513;0.04
514;0.15
515;0
516;0
517;0.03
518;0
519;0
520;0.16
521;0.02
522;0.04
523;0.02
524;0
525;0
526;0.14
527;0.02
528;0
529;0
530;0
531;0.03
532;0.01
533;0.59
534;0.03
535;0.2
536;0.18
537;0.07
538;0.01
539;0.1
540;0
541;0.04
542;0.01
543;0.01
544;0.05
545;0
546;0
547;0.22
548;0.01
549;0.05
550;0.01
551;0.01
552;0.02
553;0.01
554;0.02
555;0.01
556;0
557;0.07
558;0.02
559;0
560;0
561;0
562;0
563;0.15
564;0.02
565;0.03
566;0.01
567;0
568;0.07
569;0
570;0
571;0.01
572;0
573;0.01
574;0.01
575;0.01
576;0
577;0.01
578;0
579;0.05
580;0.01
581;0
582;0.02
583;0
584;0
585;0
586;0
587;0
588;0
589;0
590;0
591;0.04
592;0
593;0.01
594;0.01
595;0.03
596;0.04
597;0.01
598;0.02
599;0.08
600;0.03
601;0
602;0.07
603;0
604;0
605;0
606;0.03
607;0
608;0.1
609;0
610;0.05
611;0.12
612;0.01
613;0
614;0.03
615;0.01
616;0
617;0
618;0.04
619;0
620;0
621;0
622;0.15
623;0.08
624;0.05
625;0.05
626;0.49
627;0.01
628;0
629;0
630;0.23
631;0
632;0.07
633;0.04
634;0
635;0
636;0
637;0.02
638;0.01
639;0
640;0
641;0.01
642;0.01
643;0.04
644;0.02
645;0.08
646;0
647;0.09
648;0.1
649;0.05
650;0
651;0.01
652;0
653;0
654;0
655;0.02
656;0
657;0.02
658;0.03
659;0
660;0.13
661;0
662;0.02
663;0.04
664;0
665;0.01
666;0.04
667;0
668;0.17
669;0
670;0.02
671;0.08
672;0
673;0
674;0
675;0.12
676;0
677;0.04
678;0
679;0.04
680;0.01
681;0
682;0.03
683;0.02
684;0.01
685;0
686;0
687;0
688;0.07
689;0
690;0.01
691;0
692;0
693;0
694;0.02
695;0
696;0.05
697;0.01
698;0.02
699;0.01
700;0.02
701;0
702;0
703;0.03
704;0.02
705;0.13
706;0
707;0
708;0
709;0.05
710;0.06
711;0.01
712;0
713;0
714;0.01
715;0.01
716;0.09
717;0
718;0
719;0.01
720;0.03
721;0.12
722;0.06
723;0.05
724;0.02
725;0.05
726;0
727;0
728;0.01
729;0
730;0
731;0
732;0.05
733;0.04
734;0.02
735;0
736;0.05
737;0.04
738;0
739;0
740;0
741;0.01
742;0
743;0
744;0
745;0
746;0
747;0
748;0
749;0.11
750;0
751;0
752;0
753;0.12
754;0
755;0
756;0.07
757;0
758;0
759;0
760;0.2
761;0
762;0.02
763;0.01
764;0
765;0.04
766;0.01
767;0.02
768;0.02
769;0.5
770;0.02
771;0.03
772;0
773;0
774;0.01
775;0
776;0
777;0
778;0
779;0.04
780;0.05
781;0.06
782;0
783;0
784;0.02
785;0
786;0.26
787;0.38
788;0.08
789;0.01
790;0
791;0
792;0.01
793;0.01
794;0.03
795;0.04
796;0.04
797;0.01
798;0
799;0
800;0.01
801;0.01
802;0.06
803;0.01
804;0.07
805;0.01
806;0.01
807;0.03
808;0
809;0
810;0
811;0
812;0
813;0.04
814;0.15
815;0
816;0
817;0.18
818;0
819;0.02
820;0.01
821;0
822;0.03
823;0.04
824;0
825;0
826;0
827;0.04
828;0.13
829;0.1
830;0
831;0.08
832;0
833;0.05
834;0
835;0
836;0.02
837;0.05
838;0.07
839;0.11
840;0.01
841;0.2
842;0.01
843;0.01
844;0
845;0.01
846;0
847;0
848;0.53
849;0.06
850;0.03
851;0
852;0.06
853;0.23
854;0
855;0.02
856;0
857;0.01
858;0.01
859;0
860;0.02
861;0.11
862;0.17
863;0
864;0
865;0
866;0.01
867;0.08
868;0
869;0
870;0.05
871;0.01
872;0.01
873;0.03
874;0.05
875;0.01
876;0.01
877;0.84
878;0.05
879;0
880;0
881;0.04
882;0
883;0
884;0.02
885;0.18
886;0.01
887;0
888;0.04
889;0.01
890;0
891;0
892;0
893;0
894;0.08
895;0.04
896;0.04
897;0.01
898;0.02
899;0.2
900;0.01
901;0.05
902;0
903;0
904;0
905;0.02
906;0.05
907;0.21
908;0.05
909;0.01
910;0
911;0
912;0
913;0
914;0
915;0.01
916;0.02
917;0.02
918;0
919;0
920;0.02
921;0.05
922;0
923;0.04
924;0.01
925;0
926;0
927;0.03
928;0.04
929;0
930;0.06
931;0.12
932;0.03
933;0.02
934;0
935;0.04
936;0.47
937;0
938;0.02
939;0.03
940;0
941;0.01
942;0.03
943;0.02
944;0.02
945;0
946;0.06
947;0
948;0.01
949;0.01
950;0
951;0.02
952;0.11
953;0.04
954;0.01
955;0.02
956;0.03
957;0.03
958;0.12
959;0.03
960;0.01
961;0.11
962;0
963;0
964;0
965;0.01
966;0.01
967;0
968;0.03
969;0.01
970;0.01
971;0.01
972;0.02
973;0.02
974;0.46
975;0
976;0
977;0
978;0
979;0.02
980;0.07
981;0
982;0.02
983;0.05
984;0.03
985;0.06
986;0
987;0.13
988;0
989;0
990;0.07
991;0
992;0.27
993;0.03
994;0.05
995;0
996;0
997;0.07
998;0.04
999;0.05
1000;0.01
