1;0.22
2;0.12
3;0.09
4;0.01
5;0.18
6;0.45
7;0.03
8;0.07
9;0.28
10;0.09
11;0.48
12;0.02
13;0
14;0.11
15;0
16;0.14
17;0.39
18;0.03
19;0.16
20;0.16
21;0.15
22;0.04
23;0.11
24;0.08
25;0.08
26;0.22
27;0
28;0
29;0
30;0
31;0
32;0.39
33;0.12
34;0.12
35;0.19
36;0.01
37;0.03
38;0.1
39;0.01
40;0.05
41;0.08
42;0
43;0.08
44;0.06
45;0.02
46;0.01
47;0.1
48;0.01
49;0
50;0.02
51;0.03
52;0.05
53;0
54;0
55;0.01
56;0.36
57;0
58;0.01
59;0.07
60;0.04
61;0.41
62;0.07
63;0.06
64;0.37
65;0.41
66;0.16
67;0.05
68;0.08
69;0.04
70;0.1
71;0.08
72;0
73;0.01
74;0.01
75;0.01
76;0.02
77;0.01
78;0.05
79;0
80;0
81;0.37
82;0.02
83;0.01
84;0.29
85;0
86;0
87;0.11
88;0
89;0
90;0
91;0
92;0
93;0.22
94;0.29
95;0.61
96;0
97;0.14
98;0.02
99;0
100;0.15
101;0.26
102;0.15
103;0.11
104;0.14
105;0.3
106;0.43
107;0.1
108;0.02
109;0.06
110;0.03
111;0.05
112;0.17
113;0.04
114;0
115;0.01
116;0.01
117;0.05
118;0.06
119;0.56
120;0.01
121;0.33
122;0.23
123;0.32
124;0
125;0.11
126;0.08
127;0.36
128;0.01
129;0.04
130;0.03
131;0
132;0.23
133;0.08
134;0
135;0.01
136;0.01
137;0.01
138;0.04
139;0.13
140;0.24
141;0.04
142;0.14
143;0.19
144;0.08
145;0.01
146;0.02
147;0.46
148;0.08
149;0.05
150;0.1
151;0.14
152;0
153;0.13
154;0.15
155;0.04
156;0.17
157;0.08
158;0.19
159;0.06
160;0.03
161;0.39
162;0.01
163;0.07
164;0.16
165;0
166;0
167;0.13
168;0.08
169;0.38
170;0.3
171;0.23
172;0
173;0.02
174;0.37
175;0.03
176;0.15
177;0
178;0.04
179;0
180;0.03
181;0.02
182;0
183;0
184;0.08
185;0.07
186;0.01
187;0.17
188;0.04
189;0.03
190;0.01
191;0.04
192;0.04
193;0.18
194;0
195;0.04
196;0.03
197;0
198;0.26
199;0.05
200;0
201;0.11
202;0.01
203;0.1
204;0.12
205;0.06
206;0.06
207;0.08
208;0.04
209;0.55
210;0.32
211;0.14
212;0.03
213;0.19
214;0.04
215;0.06
216;0.02
217;0.01
218;0
219;0.3
220;0
221;0.04
222;0
223;0.33
224;0
225;0.01
226;0.42
227;0
228;0.35
229;0
230;0
231;0.08
232;0.03
233;0.14
234;0.12
235;0.43
236;0.04
237;0.19
238;0.14
239;0
240;0.31
241;0.06
242;0.08
243;0.56
244;0.07
245;0.1
246;0.04
247;0.06
248;0.04
249;0.05
250;0.04
251;0.18
252;0.3
253;0.06
254;0
255;0
256;0.29
257;0.25
258;0.04
259;0.02
260;0.02
261;0.02
262;0.02
263;0.05
264;0.09
265;0.03
266;0
267;0.1
268;0.07
269;0.18
270;0.1
271;0.13
272;0.07
273;0.1
274;0
275;0.05
276;0
277;0.05
278;0.1
279;0.02
280;0
281;0.01
282;0
283;0
284;0.44
285;0.02
286;0.22
287;0.07
288;0.33
289;0.05
290;0.08
291;0.44
292;0.04
293;0.05
294;0.12
295;0.06
296;0.09
297;0.01
298;0.02
299;0.05
300;0.03
301;0
302;0.1
303;0.58
304;0.05
305;0
306;0.04
307;0.46
308;0.07
309;0
310;0.05
311;0.03
312;0.02
313;0.08
314;0.23
315;0.03
316;0.01
317;0.12
318;0.04
319;0.15
320;0.05
321;0.22
322;0.05
323;0.04
324;0.21
325;0.01
326;0.03
327;0.32
328;0.01
329;0.13
330;0.24
331;0.03
332;0.01
333;0
334;0.06
335;0.12
336;0.09
337;0.01
338;0
339;0.04
340;0.23
341;0
342;0.18
343;0.15
344;0
345;0.07
346;0.03
347;0.34
348;0.34
349;0.03
350;0.06
351;0.48
352;0.42
353;0.04
354;0.02
355;0.01
356;0.28
357;0.01
358;0
359;0.05
360;0.08
361;0.03
362;0.17
363;0.31
364;0.1
365;0.46
366;0.09
367;0.17
368;0.14
369;0.34
370;0.24
371;0.26
372;0.05
373;0.02
374;0.07
375;0
376;0.19
377;0
378;0.03
379;0.33
380;0.02
381;0.22
382;0.02
383;0.01
384;0.2
385;0.1
386;0.01
387;0.01
388;0.04
389;0
390;0
391;0.08
392;0.09
393;0.22
394;0.2
395;0.13
396;0.15
397;0.04
398;0.26
399;0.12
400;0
401;0.21
402;0.01
403;0.17
404;0.03
405;0.03
406;0.06
407;0.02
408;0.01
409;0.01
410;0.63
411;0.47
412;0.04
413;0
414;0.06
415;0.04
416;0.05
417;0.1
418;0
419;0.18
420;0.37
421;0.21
422;0.39
423;0.03
424;0.01
425;0.03
426;0.21
427;0.09
428;0.04
429;0.04
430;0
431;0
432;0.02
433;0.01
434;0.5
435;0
436;0.05
437;0.45
438;0.01
439;0.02
440;0.15
441;0.01
442;0.16
443;0.08
444;0.02
445;0.2
446;0.01
447;0.47
448;0
449;0.2
450;0.01
451;0.2
452;0
453;0.14
454;0.19
455;0.06
456;0.06
457;0.12
458;0.03
459;0.02
460;0.63
461;0.1
462;0.08
463;0.02
464;0.12
465;0.11
466;0.43
467;0.04
468;0.03
469;0.01
470;0
471;0.36
472;0
473;0
474;0.35
475;0
476;0
477;0
478;0
479;0.2
480;0.07
481;0.05
482;0
483;0.02
484;0
485;0.37
486;0.01
487;0.14
488;0.01
489;0.11
490;0.05
491;0.06
492;0
493;0
494;0.02
495;0.02
496;0
497;0.03
498;0.02
499;0.03
500;0
501;0.07
502;0.11
503;0.05
504;0.03
505;0.09
506;0.15
507;0.07
508;0
509;0.28
510;0.01
511;0.18
512;0.5
513;0.17
514;0.06
515;0.09
516;0.29
517;0.02
518;0.02
519;0
520;0
521;0.22
522;0.15
523;0
524;0.12
525;0.11
526;0.76
527;0.05
528;0.02
529;0.41
530;0.09
531;0.06
532;0.58
533;0.21
534;0.01
535;0.23
536;0.2
537;0.57
538;0.11
539;0.17
540;0.07
541;0.05
542;0
543;0.05
544;0.3
545;0
546;0.37
547;0
548;0.33
549;0.03
550;0.17
551;0.01
552;0.32
553;0.08
554;0
555;0
556;0.28
557;0
558;0.24
559;0
560;0.03
561;0.01
562;0.24
563;0.02
564;0.12
565;0
566;0.1
567;0.03
568;0
569;0.2
570;0.03
571;0.18
572;0.02
573;0.09
574;0
575;0.04
576;0
577;0.18
578;0.13
579;0.08
580;0.17
581;0.11
582;0
583;0.58
584;0.36
585;0.05
586;0.01
587;0.02
588;0.2
589;0.08
590;0.01
591;0.1
592;0.25
593;0.07
594;0.12
595;0.29
596;0.18
597;0.03
598;0.14
599;0
600;0.08
601;0.12
602;0.18
603;0
604;0.25
605;0
606;0.24
607;0.39
608;0.2
609;0.18
610;0.02
611;0.1
612;0.01
613;0
614;0.16
615;0.3
616;0.01
617;0
618;0
619;0
620;0
621;0.01
622;0.02
623;0
624;0.07
625;0.1
626;0.02
627;0.14
628;0
629;0.1
630;0.09
631;0.27
632;0
633;0.17
634;0.3
635;0.3
636;0.05
637;0.51
638;0.01
639;0.08
640;0.06
641;0
642;0.03
643;0
644;0.04
645;0.11
646;0.08
647;0.07
648;0.17
649;0.12
650;0
651;0.06
652;0.05
653;0.17
654;0.24
655;0.15
656;0.07
657;0.01
658;0.23
659;0.26
660;0.19
661;0.13
662;0.35
663;0.2
664;0.12
665;0.09
666;0.08
667;0.08
668;0.2
669;0.22
670;0.09
671;0.01
672;0.27
673;0
674;0.16
675;0.33
676;0.17
677;0.08
678;0.05
679;0.09
680;0.12
681;0.24
682;0.41
683;0.04
684;0
685;0.36
686;0.06
687;0
688;0.04
689;0.49
690;0.06
691;0.01
692;0.01
693;0
694;0.05
695;0.14
696;0.1
697;0.19
698;0.01
699;0.09
700;0.09
701;0.16
702;0
703;0
704;0.3
705;0.14
706;0.04
707;0.07
708;0.02
709;0.01
710;0.03
711;0.28
712;0
713;0.13
714;0.17
715;0.17
716;0.07
717;0.44
718;0.15
719;0.1
720;0
721;0.51
722;0.12
723;0.14
724;0.28
725;0.02
726;0.06
727;0.11
728;0
729;0.42
730;0
731;0.08
732;0.23
733;0.01
734;0.49
735;0.01
736;0.03
737;0.48
738;0.12
739;0.07
740;0.19
741;0.03
742;0.01
743;0.63
744;0.09
745;0.03
746;0.08
747;0
748;0.01
749;0.02
750;0.31
751;0
752;0.03
753;0.03
754;0.02
755;0.01
756;0.32
757;0.02
758;0
759;0.01
760;0.02
761;0
762;0.01
763;0
764;0.1
765;0.33
766;0.49
767;0.13
768;0.49
769;0.45
770;0
771;0.07
772;0.03
773;0
774;0.04
775;0.06
776;0.63
777;0.16
778;0
779;0.36
780;0.17
781;0.06
782;0.38
783;0.09
784;0.05
785;0.04
786;0.02
787;0
788;0.13
789;0.15
790;0.17
791;0.01
792;0.46
793;0.04
794;0.19
795;0.19
796;0.38
797;0.05
798;0.02
799;0.02
800;0.14
801;0.12
802;0.02
803;0
804;0.01
805;0.39
806;0.03
807;0.06
808;0
809;0.09
810;0.18
811;0
812;0.04
813;0.01
814;0.11
815;0.21
816;0.11
817;0.01
818;0
819;0
820;0
821;0
822;0.03
823;0.02
824;0.38
825;0
826;0.08
827;0.01
828;0.44
829;0.12
830;0.4
831;0
832;0.38
833;0.18
834;0.14
835;0.01
836;0.57
837;0
838;0.02
839;0.04
840;0.37
841;0.01
842;0.27
843;0
844;0
845;0.03
846;0.07
847;0.01
848;0.04
849;0.02
850;0.02
851;0
852;0.02
853;0.11
854;0.18
855;0.07
856;0.01
857;0.02
858;0
859;0.17
860;0.22
861;0.18
862;0.11
863;0.01
864;0.03
865;0.48
866;0.02
867;0.08
868;0.12
869;0.09
870;0.23
871;0.57
872;0.01
873;0
874;0
875;0
876;0.11
877;0.01
878;0
879;0.12
880;0
881;0.43
882;0.03
883;0.14
884;0.61
885;0.1
886;0
887;0.05
888;0.04
889;0.01
890;0.04
891;0.06
892;0.09
893;0.09
894;0.17
895;0.06
896;0.05
897;0.16
898;0.05
899;0.01
900;0.05
901;0
902;0.93
903;0.24
904;0.27
905;0.09
906;0
907;0.12
908;0.01
909;0.06
910;0.01
911;0
912;0
913;0.27
914;0.02
915;0.54
916;0.01
917;0.23
918;0.21
919;0
920;0.06
921;0.02
922;0.03
923;0.03
924;0.02
925;0.02
926;0.01
927;0.05
928;0
929;0.18
930;0.01
931;0.32
932;0.33
933;0.26
934;0.16
935;0
936;0.01
937;0.06
938;0.04
939;0
940;0.02
941;0.01
942;0.13
943;0.5
944;0.19
945;0.05
946;0.01
947;0
948;0.01
949;0.42
950;0
951;0
952;0.01
953;0.46
954;0.05
955;0.06
956;0
957;0.03
958;0
959;0.01
960;0
961;0.06
962;0.14
963;0
964;0.15
965;0.07
966;0.03
967;0.09
968;0.01
969;0.01
970;0.09
971;0.55
972;0.03
973;0
974;0
975;0
976;0.17
977;0.01
978;0
979;0.25
980;0.33
981;0
982;0.02
983;0.09
984;0.04
985;0.06
986;0.02
987;0.16
988;0.13
989;0.22
990;0.02
991;0.4
992;0.16
993;0.1
994;0.09
995;0.05
996;0.23
997;0.07
998;0
999;0.11
1000;0.12
