54;0
55;0.01
56;0
57;0.01
58;0
59;0.04
60;0
61;0.14
62;0
63;0
64;0.01
65;0
66;0
67;0
68;0.01
69;0
70;0
71;0.01
72;0
73;0.01
74;0.02
75;0
76;0
77;0
78;0
79;0
80;0
81;0.01
82;0
83;0
84;0
85;0
86;0
87;0.01
88;0.03
89;0
90;0
91;0
92;0.02
93;0
94;0.03
95;0.01
96;0.01
97;0
98;0
99;0.01
100;0
101;0
102;0
103;0
104;0
105;0
106;0
107;0
108;0
109;0
110;0.01
111;0.01
112;0
113;0
114;0
115;0
116;0.01
117;0
118;0
119;0.01
120;0
121;0
122;0
123;0
124;0
125;0.02
126;0
127;0
128;0
129;0
130;0
131;0
132;0
133;0
134;0.01
135;0
136;0.01
137;0
138;0.01
139;0.01
140;0
141;0
142;0
143;0
144;0.02
145;0
146;0.01
147;0.01
148;0
149;0
150;0.05
151;0.01
152;0
153;0
154;0.01
155;0
156;0
157;0
158;0
159;0.01
160;0.01
161;0
162;0
163;0
164;0
165;0
166;0
167;0
168;0
169;0
170;0.02
171;0
172;0
173;0
174;0
175;0
176;0
177;0
178;0
179;0.03
180;0.01
181;0.04
182;0.02
183;0.01
184;0
185;0
186;0
187;0.02
188;0.01
189;0
190;0
191;0.01
192;0
193;0
194;0
195;0
196;0
197;0
198;0
199;0
200;0.02
201;0
202;0
203;0.01
204;0
205;0.01
206;0
207;0
208;0
209;0
210;0
211;0
212;0.01
213;0
214;0
215;0
216;0
217;0.01
218;0.02
219;0.02
220;0
221;0
222;0
223;0
224;0
225;0.01
226;0
227;0.01
228;0.01
229;0.02
230;0
231;0
232;0
233;0
234;0
235;0.05
236;0.01
237;0.01
238;0.01
239;0
240;0.02
241;0
242;0
243;0
244;0
245;0.01
246;0
247;0
248;0
249;0
250;0
251;0
252;0
253;0
254;0
255;0
256;0.01
257;0.01
258;0.02
259;0
260;0
261;0
262;0
263;0
264;0.02
265;0
266;0
267;0
268;0
269;0.02
270;0
271;0
272;0
273;0
274;0.01
275;0
276;0.01
277;0
278;0.02
279;0.01
280;0
281;0
282;0
283;0
284;0
285;0
286;0
287;0
288;0
289;0
290;0
291;0
292;0
293;0
294;0.04
295;0.01
296;0
297;0.03
298;0
299;0
300;0
301;0.01
302;0
303;0
304;0.01
305;0.01
306;0.01
307;0.01
308;0
309;0
310;0.05
311;0.02
312;0
313;0
314;0
315;0.02
316;0
317;0.02
318;0
319;0.01
320;0
321;0.01
322;0
323;0
324;0
325;0
326;0.01
327;0
328;0
329;0
330;0
331;0
332;0.01
333;0.01
334;0
335;0.01
336;0.01
337;0
338;0
339;0
340;0
341;0
342;0
343;0
344;0
345;0.02
346;0
347;0
348;0
349;0.02
350;0
351;0.01
352;0
353;0
354;0
355;0
356;0
357;0
358;0
359;0
360;0
361;0
362;0.01
363;0
364;0
365;0
366;0.01
367;0.01
368;0
369;0
370;0
371;0.01
372;0.06
373;0
374;0
375;0.02
376;0
377;0
378;0
379;0
380;0
381;0
382;0
383;0
384;0
385;0
386;0
387;0
388;0
389;0.03
390;0
391;0
392;0
393;0.01
394;0
395;0
396;0
397;0
398;0
399;0
400;0
401;0
402;0.01
403;0
404;0.01
405;0
406;0.01
407;0
408;0
409;0.01
410;0
411;0.01
412;0.02
413;0
414;0
415;0
416;0
417;0.02
418;0
419;0.01
420;0.03
421;0
422;0.01
423;0
424;0.01
425;0
426;0
427;0.02
428;0
429;0.01
430;0
431;0
432;0.01
433;0
434;0
435;0
436;0.01
437;0
438;0.02
439;0
440;0
441;0
442;0
443;0
444;0.01
445;0.01
446;0
447;0
448;0
449;0.01
450;0.01
451;0
452;0.01
453;0.02
454;0
455;0
456;0
457;0
458;0
459;0
460;0
461;0
462;0
463;0
464;0
465;0.01
466;0.01
467;0.01
468;0
469;0
470;0
471;0
472;0.01
473;0.01
474;0
475;0
476;0.01
477;0
478;0
479;0
480;0
481;0
482;0
483;0.01
484;0
485;0
486;0
487;0.03
488;0.03
489;0.03
490;0
491;0
492;0
493;0
494;0
495;0.01
496;0.01
497;0
498;0
499;0
500;0
501;0
502;0
503;0.01
504;0
505;0
506;0.01
507;0.01
508;0.02
509;0
510;0
511;0
512;0.02
513;0
514;0
515;0
516;0
517;0.03
518;0.01
519;0
520;0
521;0.01
522;0
523;0
524;0.01
525;0.01
526;0
527;0.02
528;0
529;0
530;0
531;0
532;0.01
533;0.02
534;0
535;0
536;0
537;0
538;0
539;0.01
540;0
541;0
542;0.02
543;0.01
544;0
545;0
546;0
547;0
548;0
549;0
550;0.01
551;0
552;0
553;0
554;0
555;0
556;0
557;0.01
558;0.01
559;0
560;0.01
561;0.01
562;0
563;0.02
564;0
565;0
566;0.01
567;0
568;0
569;0
570;0
571;0
572;0
573;0
574;0
575;0
576;0
577;0
578;0
579;0
580;0
581;0.01
582;0
583;0
584;0
585;0
586;0.05
587;0
588;0
589;0
590;0
591;0
592;0.02
593;0.01
594;0
595;0.02
596;0
597;0
598;0
599;0.01
600;0
601;0.01
602;0
603;0
604;0
605;0
606;0
607;0
608;0
609;0
610;0
611;0
612;0.01
613;0.01
614;0
615;0
616;0
617;0.01
618;0.01
619;0
620;0
621;0
622;0
623;0
624;0
625;0
626;0
627;0.04
628;0
629;0.05
630;0
631;0.01
632;0.01
633;0
634;0
635;0
636;0
637;0
638;0.02
639;0
640;0.01
641;0
642;0
643;0
644;0
645;0
646;0.01
647;0
648;0
649;0
650;0
651;0
652;0
653;0
654;0
655;0
656;0
657;0
658;0
659;0
660;0.02
661;0
662;0
663;0
664;0
665;0
666;0
667;0
668;0
669;0
670;0
671;0
672;0
673;0
674;0
675;0
676;0
677;0
678;0
679;0.01
680;0
681;0.01
682;0
683;0.01
684;0.01
685;0
686;0
687;0.01
688;0.02
689;0.01
690;0
691;0
692;0
693;0
694;0
695;0.02
696;0.01
697;0.01
698;0
699;0.01
700;0
701;0
702;0
703;0.02
704;0
705;0.01
706;0
707;0
708;0.01
709;0.01
710;0.01
711;0
712;0.01
713;0
714;0.01
715;0
716;0
717;0
718;0
719;0
720;0
721;0
722;0.01
723;0
724;0
725;0
726;0
727;0
728;0
729;0
730;0
731;0.01
732;0.01
733;0
734;0
735;0
736;0.01
737;0.01
738;0.03
739;0.01
740;0
741;0
742;0
743;0
744;0
745;0.01
746;0
747;0.02
748;0.02
749;0
750;0
751;0
752;0
753;0
754;0
755;0.01
756;0
757;0
758;0
759;0
760;0
761;0
762;0.01
763;0
764;0.01
765;0
766;0.01
767;0
768;0
769;0
770;0
771;0
772;0
773;0
774;0
775;0
776;0.01
777;0
778;0
779;0.02
780;0.01
781;0
782;0
783;0
784;0
785;0
786;0
787;0
788;0
789;0
790;0
791;0
792;0.01
793;0
794;0.01
795;0
796;0.02
797;0.02
798;0.01
799;0
800;0
801;0
802;0
803;0
804;0
805;0.01
806;0
807;0
808;0
809;0
810;0
811;0
812;0
813;0
814;0
815;0
816;0
817;0.02
818;0
819;0
820;0
821;0
822;0
823;0.01
824;0.01
825;0
826;0
827;0
828;0.02
829;0
830;0
831;0
832;0.01
833;0.01
834;0
835;0
836;0.01
837;0
838;0
839;0.01
840;0
841;0.01
842;0.05
843;0
844;0
845;0.01
846;0
847;0.01
848;0
849;0
850;0
851;0
852;0.01
853;0
854;0
855;0
856;0
857;0
858;0
859;0
860;0
861;0
862;0
863;0
864;0
865;0
866;0.06
867;0
868;0
869;0
870;0
871;0.02
872;0
873;0
874;0
875;0
876;0
877;0
878;0
879;0.04
880;0
881;0
882;0.01
883;0
884;0
885;0.01
886;0
887;0
888;0.01
889;0
890;0
891;0
892;0
893;0
894;0
895;0.01
896;0
897;0
898;0
899;0
900;0
901;0
902;0.01
903;0.01
904;0
905;0
906;0
907;0
908;0
909;0
910;0
911;0
912;0
913;0
914;0
915;0
916;0
917;0
918;0
919;0
920;0
921;0
922;0
923;0.01
924;0
925;0
926;0
927;0.01
928;0
929;0
930;0
931;0
932;0
933;0
934;0
935;0
936;0
937;0
938;0
939;0
940;0
941;0
942;0
943;0
944;0
945;0
946;0.01
947;0.02
948;0.01
949;0.01
950;0
951;0
952;0
953;0
954;0.03
955;0
956;0
957;0.02
958;0.02
959;0
960;0
961;0
962;0
963;0
964;0
965;0
966;0
967;0.01
968;0.01
969;0
970;0
971;0
972;0
973;0
974;0
975;0
976;0.01
977;0
978;0.01
979;0.01
980;0.01
981;0.01
982;0.01
983;0.01
984;0
985;0
986;0.01
987;0
988;0
989;0
990;0
991;0
992;0
993;0
994;0
995;0.03
996;0
997;0
998;0
999;0
1000;0
