1;0.2
2;0.22
3;0.27
4;0.02
5;0.04
6;0.01
7;0
8;0.25
9;0.34
10;0.02
11;0.01
12;0.01
13;0.13
14;0.23
15;0.08
16;0.45
17;0.01
18;0.35
19;0.14
20;0.06
21;0.02
22;0.16
23;0.11
24;0.53
25;0.13
26;0
27;0.04
28;0.02
29;0.12
30;0.05
31;0.02
32;0.04
33;0.48
34;0
35;0.05
36;0.26
37;0.01
38;0.22
39;0.02
40;0.08
41;0.19
42;0.01
43;0.41
44;0.2
45;0.15
46;0.03
47;0.06
48;0.24
49;0.51
50;0.09
51;0.04
52;0.05
53;0.54
54;0.01
55;0.31
56;0.02
57;0.17
58;0.01
59;0.12
60;0.07
61;0.21
62;0.06
63;0.22
64;0.16
65;0.02
66;0.03
67;0.04
68;0.22
69;0.14
70;0.02
71;0.01
72;0.01
73;0.04
74;0.05
75;0.3
76;0.02
77;0.44
78;0.13
79;0.04
80;0.15
81;0.26
82;0.21
83;0.23
84;0.03
85;0.29
86;0.23
87;0.1
88;0.02
89;0.01
90;0.03
91;0.19
92;0.02
93;0.08
94;0.1
95;0.37
96;0.19
97;0.19
98;0.32
99;0
100;0.18
101;0.12
102;0.14
103;0.04
104;0.38
105;0.81
106;0
107;0.31
108;0.16
109;0.2
110;0.06
111;0
112;0.25
113;0.04
114;0.46
115;0.06
116;0.22
117;0
118;0.01
119;0.13
120;0.15
121;0.73
122;0.27
123;0
124;0.13
125;0.19
126;0.03
127;0.05
128;0.24
129;0.24
130;0.15
131;0.97
132;0.13
133;0
134;0.22
135;0.1
136;0.19
137;0.03
138;0.08
139;0.03
140;0.31
141;0.3
142;0.01
143;0.1
144;0.18
145;0.16
146;0.03
147;0.13
148;0.03
149;0.43
150;0.4
151;0.02
152;0.07
153;0.05
154;0.05
155;0.1
156;0
157;0.03
158;0.11
159;0.02
160;0.08
161;0
162;0.3
163;0.12
164;0.16
165;0.08
166;0.01
167;0.16
168;0.58
169;0.02
170;0.04
171;0
172;0.02
173;0.02
174;0.7
175;0.08
176;0.05
177;0.02
178;0.05
179;0.21
180;0.14
181;0.09
182;0.03
183;0.02
184;0.01
185;0.01
186;0.01
187;0.03
188;0.16
189;0.1
190;0.14
191;0.01
192;0
193;0.26
194;0.16
195;0.12
196;0.18
197;0
198;0
199;0.06
200;0.21
201;0.07
202;0.08
203;0.08
204;0.19
205;0.03
206;0
207;0.02
208;0.41
209;0.03
210;0.11
211;0.09
212;0.05
213;0.03
214;0.06
215;0.25
216;0.1
217;0.3
218;0.25
219;0.06
220;0
221;0.03
222;0.34
223;0.27
224;0.2
225;0.02
226;0.09
227;0.89
228;0.02
229;0.05
230;0.03
231;0.08
232;0.18
233;0.61
234;0
235;0.51
236;0.04
237;0.05
238;0.28
239;0.06
240;0.01
241;0
242;0.12
243;0.21
244;0.02
245;0.03
246;0
247;0.1
248;0.36
249;0.01
250;0.02
251;0.01
252;0.28
253;0.49
254;0.02
255;0.02
256;0.04
257;0.08
258;0.05
259;0.02
260;0.14
261;0.09
262;0.06
263;0.28
264;0.1
265;0.02
266;0.03
267;0.03
268;0.58
269;0.05
270;0.07
271;0.02
272;0.38
273;0.24
274;0.06
275;0.11
276;0.07
277;0.03
278;0.17
279;0
280;0.53
281;0.26
282;0
283;0.51
284;0.11
285;0
286;0.11
287;0.01
288;0.04
289;0.52
290;0.2
291;0.01
292;0
293;0.02
294;0.12
295;0.68
296;0.01
297;0.09
298;0.01
299;0.11
300;0.1
301;0.03
302;0
303;0.31
304;0.08
305;0.07
306;0.09
307;0.47
308;0.14
309;0.01
310;0.11
311;0.5
312;0.1
313;0.02
314;0
315;0
316;0.03
317;0.05
318;0.02
319;0.01
320;0.21
321;0.03
322;0.07
323;0.12
324;0.04
325;0.03
326;0
327;0.09
328;0.15
329;0.21
330;0.01
331;0.71
332;0.06
333;0.09
334;0.19
335;0.02
336;0.12
337;0.41
338;0.01
339;0.37
340;0.02
341;0.09
342;0.04
343;0.04
344;0.1
345;0.01
346;0.03
347;0.06
348;0.15
349;0.1
350;0.33
351;0
352;0.02
353;0.04
354;0.47
355;0.12
356;0
357;0.28
358;0.52
359;0.06
360;0.09
361;0.18
362;0.24
363;0.34
364;0.08
365;0.78
366;0.03
367;0.1
368;0.28
369;0.04
370;0.29
371;0.02
372;0.24
373;0.17
374;0.01
375;0.25
376;0.13
377;0.15
378;0
379;0.18
380;0.02
381;0.01
382;0.07
383;0
384;0.07
385;0.22
386;0.59
387;0.06
388;0
389;0.23
390;0
391;0.39
392;0.13
393;0.02
394;0.06
395;0.04
396;0.11
397;0.01
398;0.21
399;0.11
400;0.26
401;0.06
402;0.36
403;0.36
404;0.48
405;0.13
406;0.29
407;0.06
408;0.09
409;0
410;0.16
411;0.21
412;0.03
413;0.06
414;0.1
415;0.22
416;0.08
417;0.04
418;0.04
419;0.01
420;0
421;0.03
422;0.17
423;0.24
424;0.09
425;0.21
426;0.11
427;0.03
428;0.1
429;0.09
430;0.03
431;0.02
432;0.03
433;0.07
434;0.07
435;0.16
436;0.01
437;0
438;0.22
439;0
440;0.29
441;0.52
442;0.9
443;0.01
444;0.23
445;0.06
446;0.29
447;0.45
448;0.09
449;0.01
450;0.07
451;0.04
452;0.35
453;0.21
454;0.06
455;0.08
456;0.28
457;0.39
458;0.13
459;0.39
460;0.09
461;0.05
462;0.45
463;0.12
464;0
465;0.16
466;0.04
467;0.05
468;0.27
469;0
470;0.01
471;0.03
472;0.13
473;0.02
474;0.13
475;0.24
476;0.02
477;0.19
478;0
479;0.01
480;0.28
481;0.05
482;0.17
483;0.07
484;0.25
485;0.3
486;0
487;0.05
488;0.09
489;0.22
490;0.46
491;0.24
492;0.02
493;0.02
494;0.37
495;0.01
496;0
497;0.16
498;0.02
499;0.09
500;0.28
501;0
502;0.24
503;0
504;0.16
505;0
506;0.57
507;0.09
508;0.03
509;0.06
510;0.08
511;0.12
512;0.07
513;0.05
514;0.36
515;0.15
516;0.17
517;0.02
518;0.11
519;0.02
520;0
521;0.04
522;0.01
523;0.01
524;0.08
525;0.33
526;0.02
527;0.19
528;0
529;0.1
530;0
531;0.16
532;0.02
533;0.19
534;0
535;0.01
536;0.16
537;0.32
538;0.41
539;0.24
540;0
541;0.15
542;0.41
543;0.15
544;0.02
545;0.09
546;0
547;0.25
548;0.27
549;0.55
550;0.04
551;0.11
552;0.08
553;0.08
554;0.12
555;0
556;0
557;0.13
558;0.16
559;0.04
560;0.03
561;0
562;0.03
563;0.23
564;0.02
565;0.43
566;0.04
567;0.02
568;0.14
569;0.1
570;0.1
571;0.01
572;0
573;0.05
574;0.07
575;0.02
576;0.16
577;0.04
578;0.12
579;0.13
580;0.06
581;0.17
582;0.06
583;0.12
584;0
585;0.02
586;0
587;0.03
588;0.04
589;0
590;0.05
591;0.31
592;0.19
593;0.04
594;0.07
595;0.07
596;0.14
597;0.02
598;0.36
599;0.43
600;0.22
601;0.33
602;0.01
603;0.08
604;0.03
605;0.01
606;0.17
607;0.03
608;0.22
609;0.08
610;0
611;0.14
612;0.29
613;0.07
614;0.26
615;0.2
616;0.19
617;0.07
618;0.2
619;0
620;0.02
621;0.14
622;0.53
623;0.1
624;1
625;0.08
626;0.56
627;0.02
628;0.31
629;0.19
630;0.78
631;0.03
632;0
633;0.21
634;0.14
635;0.19
636;0.02
637;0.03
638;0.27
639;0.01
640;0.09
641;0.03
642;0.21
643;0.06
644;0.02
645;0.35
646;0.06
647;0.22
648;0.02
649;0
650;0.01
651;0.17
652;0.09
653;0.02
654;0.02
655;0.03
656;0.11
657;0.06
658;0.01
659;0.04
660;0.51
661;0.16
662;0.11
663;0
664;0
665;0
666;0.09
667;0.04
668;0.43
669;0.17
670;0.05
671;0
672;0.29
673;0.22
674;0.08
675;0.39
676;0.11
677;0.23
678;0
679;0.12
680;0.25
681;0.01
682;0.14
683;0.08
684;0.27
685;0.09
686;0.08
687;0.03
688;0.16
689;0.08
690;0.06
691;0.05
692;0.02
693;0.1
694;0.02
695;0.1
696;0.01
697;0.04
698;0.24
699;0
700;0.2
701;0
702;0.13
703;0.07
704;0.07
705;0.54
706;0.05
707;0.06
708;0.17
709;0.26
710;0.14
711;0.16
712;0.02
713;0.01
714;0.03
715;0.08
716;0.53
717;0.57
718;0
719;0.08
720;0
721;0.36
722;0.27
723;0.12
724;0.02
725;0.22
726;0.2
727;0.04
728;0
729;0.22
730;0
731;0.02
732;0.15
733;0.14
734;0.13
735;0.38
736;0.11
737;0.02
738;0.04
739;0.1
740;0.22
741;0.26
742;0.17
743;0.02
744;0.09
745;0.01
746;0.14
747;0.11
748;0
749;0.18
750;0.01
751;0
752;0
753;0.26
754;0
755;0
756;0.12
757;0.03
758;0
759;0.15
760;0.12
761;0.11
762;0.13
763;0.05
764;0.07
765;0
766;0.43
767;0.32
768;0.06
769;0.38
770;0.03
771;0.18
772;0.11
773;0
774;0.16
775;0
776;0
777;0.22
778;0.05
779;0.15
780;0.02
781;0.29
782;0.01
783;0.04
784;0
785;0.03
786;0.65
787;0.49
788;0.22
789;0.06
790;0.02
791;0.23
792;0.06
793;0.19
794;0.14
795;0.19
796;0
797;0.52
798;0.02
799;0.03
800;0.02
801;0.03
802;0.46
803;0.27
804;0.42
805;0.09
806;0.3
807;0.04
808;0.08
809;0.06
810;0.06
811;0.05
812;0.34
813;0.09
814;0.44
815;0
816;0.07
817;0.65
818;0.02
819;0
820;0.18
821;0.13
822;0.28
823;0.15
824;0.06
825;0.01
826;0.07
827;0.07
828;0.28
829;0.01
830;0
831;0.01
832;0
833;0.06
834;0.02
835;0.01
836;0.15
837;0.09
838;0.09
839;0.87
840;0.25
841;0
842;0.02
843;0.08
844;0.01
845;0.01
846;0.29
847;0.19
848;0.34
849;0.47
850;0.03
851;0.05
852;0.08
853;0.61
854;0.01
855;0.31
856;0.03
857;0.01
858;0.16
859;0.05
860;0.03
861;0.18
862;0.07
863;0.24
864;0.09
865;0.03
866;0.02
867;0.2
868;0.25
869;0.03
870;0.29
871;0.18
872;0.03
873;0.28
874;0.28
875;0.1
876;0.03
877;0.73
878;0.1
879;0
880;0.1
881;0.62
882;0.03
883;0.03
884;0.21
885;0.16
886;0.01
887;0.01
888;0.3
889;0.33
890;0.09
891;0.08
892;0.1
893;0.02
894;0.29
895;0.36
896;0.22
897;0.12
898;0.23
899;0.14
900;0.01
901;0.63
902;0.02
903;0.01
904;0.03
905;0.6
906;0
907;0.4
908;0.07
909;0.31
910;0.07
911;0.13
912;0.12
913;0.08
914;0.02
915;0.01
916;0.16
917;0.22
918;0.02
919;0.05
920;0
921;0.09
922;0.01
923;0.11
924;0.06
925;0.13
926;0.02
927;0.02
928;0.38
929;0.15
930;0.45
931;0.03
932;0.21
933;0.05
934;0.06
935;0.04
936;0.87
937;0.01
938;0.33
939;0.18
940;0
941;0
942;0
943;0.21
944;0.13
945;0.01
946;0
947;0.01
948;0.02
949;0.05
950;0.04
951;0.1
952;0
953;0.21
954;0.01
955;0.17
956;0.01
957;0.36
958;0.11
959;0.05
960;0
961;0.2
962;0.05
963;0.07
964;0.03
965;0.12
966;0.27
967;0
968;0
969;0
970;0
971;0.09
972;0
973;0.11
974;0.47
975;0.09
976;0.07
977;0.05
978;0.01
979;0.15
980;0.15
981;0.08
982;0.11
983;0.01
984;0.3
985;0.01
986;0
987;0.28
988;0.09
989;0.04
990;0.35
991;0.01
992;0.58
993;0.1
994;0
995;0
996;0.06
997;0.33
998;0.04
999;0.15
1000;0.02
