1;0.33
2;0.01
3;0.01
4;0.21
5;0.04
6;0.17
7;0.22
8;0.07
9;0.03
10;0.03
11;0.01
12;0.03
13;0
14;0.01
15;0.02
16;0.22
17;0.01
18;0.02
19;0.61
20;0.01
21;0.03
22;0.03
23;0.04
24;0.12
25;0.04
26;0.02
27;0.5
28;0
29;0.09
30;0.11
31;0.1
32;0.12
33;0.32
34;0.63
35;0.03
36;0
37;0.27
38;0.01
39;0.01
40;0.23
41;0.05
42;0.08
43;0.68
44;0.06
45;0.38
46;0
47;0.04
48;0.03
49;0.27
50;0.01
51;0.34
52;0.49
53;0.02
54;0.04
55;0.29
56;0.28
57;0.09
58;0
59;0.01
60;0.08
61;0.33
62;0.04
63;0
64;0.08
65;0.02
66;0
67;0
68;0.07
69;0
70;0.03
71;0.17
72;0.01
73;0.35
74;0.03
75;0.12
76;0
77;0.36
78;0.13
79;0.01
80;0.31
81;0.13
82;0.38
83;0.43
84;0.07
85;0.08
86;0.01
87;0.26
88;0.03
89;0.16
90;0.01
91;0.02
92;0.15
93;0.46
94;0.03
95;0
96;0.02
97;0.16
98;0
99;0.18
100;0.38
101;0.32
102;0
103;0.03
104;0.58
105;0.12
106;0.09
107;0.41
108;0
109;0.13
110;0.36
111;0.1
112;0.02
113;0.07
114;0.02
115;0.17
116;0.19
117;0
118;0.06
119;0.01
120;0.18
121;0.34
122;0.08
123;0.58
124;0.03
125;0.18
126;0.04
127;0.18
128;0.12
129;0.14
130;0.1
131;0.07
132;0.09
133;0
134;0
135;0.05
136;0.38
137;0.06
138;0
139;0
140;0.05
141;0.03
142;0.36
143;0.16
144;0
145;0.19
146;0
147;0.02
148;0.32
149;0.37
150;0.38
151;0.21
152;0.03
153;0.08
154;0.07
155;0.17
156;0.35
157;0.39
158;0
159;0.02
160;0.02
161;0.66
162;0.23
163;0.07
164;0.19
165;0.15
166;0.26
167;0.03
168;0.17
169;0.01
170;0.24
171;0.18
172;0.05
173;0.23
174;0
175;0.22
176;0.47
177;0.29
178;0.03
179;0.11
180;0.02
181;0
182;0.06
183;0
184;0
185;0.23
186;0.15
187;0.34
188;0.06
189;0.04
190;0.03
191;0.06
192;0.25
193;0.37
194;0
195;0.12
196;0.05
197;0
198;0.04
199;0
200;0.01
201;0.56
202;0.09
203;0.03
204;0.16
205;0.09
206;0.04
207;0
208;0
209;0
210;0.02
211;0.03
212;0
213;0.04
214;0.02
215;0.41
216;0.03
217;0.02
218;0.3
219;0.07
220;0.09
221;0.2
222;0.03
223;0.52
224;0.05
225;0.05
226;0.04
227;0.23
228;0
229;0.14
230;0
231;0
232;0
233;0.14
234;0.12
235;0.52
236;0.03
237;0
238;0.19
239;0
240;0.24
241;0
242;0.06
243;0.14
244;0.05
245;0.12
246;0.07
247;0.04
248;0.05
249;0.02
250;0.17
251;0.05
252;0.08
253;0.09
254;0.19
255;0
256;0.01
257;0.24
258;0.01
259;0.12
260;0.39
261;0.09
262;0.03
263;0.24
264;0.37
265;0.09
266;0.06
267;0.17
268;0.02
269;0.17
270;0.42
271;0.04
272;0.07
273;0.01
274;0.12
275;0.35
276;0.13
277;0.12
278;0.07
279;0.01
280;0.08
281;0.17
282;0.52
283;0.04
284;0.27
285;0.1
286;0.01
287;0.04
288;0
289;0.31
290;0
291;0.49
292;0.25
293;0
294;0.08
295;0.02
296;0.57
297;0.09
298;0.03
299;0.01
300;0.02
301;0
302;0.07
303;0.75
304;0.14
305;0
306;0.01
307;0.11
308;0.56
309;0.62
310;0
311;0.04
312;0
313;0
314;0.03
315;0.02
316;0
317;0
318;0.01
319;0.14
320;0.06
321;0
322;0.01
323;0.01
324;0.04
325;0.01
326;0.05
327;0.16
328;0
329;0.13
330;0
331;0.16
332;0.12
333;0.02
334;0.01
335;0.01
336;0.29
337;0.21
338;0.02
339;0.13
340;0.73
341;0.04
342;0.12
343;0.06
344;0.02
345;0.23
346;0.38
347;0.01
348;0.07
349;0.51
350;0.2
351;0
352;0.11
353;0.18
354;0.05
355;0.01
356;0.14
357;0.01
358;0.02
359;0.34
360;0
361;0.24
362;0.13
363;0.1
364;0.1
365;0.26
366;0.02
367;0.03
368;0.04
369;0.36
370;0.08
371;0.01
372;0.01
373;0.05
374;0.03
375;0
376;0.03
377;0.21
378;0.11
379;0.02
380;0.08
381;0.02
382;0
383;0.28
384;0
385;0.2
386;0
387;0.03
388;0.25
389;0.1
390;0.01
391;0.27
392;0.01
393;0.21
394;0.09
395;0
396;0.21
397;0.1
398;0.17
399;0.01
400;0
401;0.33
402;0.09
403;0.12
404;0.06
405;0.01
406;0.04
407;0.17
408;0.04
409;0.01
410;0.13
411;0.06
412;0.08
413;0.02
414;0.01
415;0.02
416;0.22
417;0
418;0.03
419;0.12
420;0.05
421;0.06
422;0.22
423;0.06
424;0.14
425;0.05
426;0.05
427;0.02
428;0
429;0.21
430;0
431;0
432;0.52
433;0.04
434;0.01
435;0.02
436;0
437;0
438;0.01
439;0.2
440;0.04
441;0.31
442;0.05
443;0.15
444;0
445;0.03
446;0.41
447;0.01
448;0.01
449;0.37
450;0.24
451;0.14
452;0.3
453;0.09
454;0.06
455;0.01
456;0.08
457;0.13
458;0.23
459;0.53
460;0.04
461;0
462;0.02
463;0.19
464;0.21
465;0
466;0
467;0.04
468;0.22
469;0
470;0
471;0
472;0.08
473;0.44
474;0.19
475;0.16
476;0
477;0.28
478;0.03
479;0.54
480;0.12
481;0.02
482;0
483;0.13
484;0.41
485;0.26
486;0.01
487;0.02
488;0.06
489;0.01
490;0.08
491;0.13
492;0
493;0
494;0
495;0.43
496;0.28
497;0.01
498;0.02
499;0.14
500;0.22
501;0.02
502;0
503;0.06
504;0.05
505;0
506;0.35
507;0.08
508;0.01
509;0
510;0.06
511;0.35
512;0.03
513;0.03
514;0.24
515;0
516;0.04
517;0.03
518;0.11
519;0.03
520;0.44
521;0.26
522;0.01
523;0.39
524;0.02
525;0.38
526;0.1
527;0.24
528;0
529;0.12
530;0
531;0.56
532;0.35
533;0.03
534;0.01
535;0.74
536;0.11
537;0.01
538;0
539;0.07
540;0.14
541;0.22
542;0
543;0.06
544;0
545;0.16
546;0
547;0.11
548;0.01
549;0
550;0.01
551;0.08
552;0.11
553;0.23
554;0.01
555;0.04
556;0.24
557;0.02
558;0.17
559;0.3
560;0.02
561;0.54
562;0
563;0.19
564;0.07
565;0.02
566;0
567;0
568;0.1
569;0.01
570;0.06
571;0.01
572;0.2
573;0.34
574;0.23
575;0.05
576;0.18
577;0.01
578;0
579;0.32
580;0.06
581;0.13
582;0.17
583;0.14
584;0.25
585;0
586;0.06
587;0.01
588;0.13
589;0.13
590;0.1
591;0.06
592;0.03
593;0.13
594;0.04
595;0
596;0.6
597;0.06
598;0.18
599;0.37
600;0.09
601;0.05
602;0.06
603;0.01
604;0.09
605;0
606;0.07
607;0
608;0.27
609;0.09
610;0.9
611;0.13
612;0.11
613;0.1
614;0.02
615;0.06
616;0.13
617;0
618;0.23
619;0.03
620;0.02
621;0.01
622;0.12
623;0.03
624;0
625;0.01
626;0.12
627;0.01
628;0.08
629;0.04
630;0.21
631;0.14
632;0.08
633;0.13
634;0.44
635;0.18
636;0.13
637;0.05
638;0.04
639;0.1
640;0
641;0.01
642;0.01
643;0.01
644;0.03
645;0.15
646;0.02
647;0.33
648;0.44
649;0.01
650;0.01
651;0.27
652;0.1
653;0.43
654;0.04
655;0.1
656;0.3
657;0.11
658;0.07
659;0.21
660;0
661;0.09
662;0.05
663;0.5
664;0.1
665;0.01
666;0.19
667;0.03
668;0.01
669;0.17
670;0.01
671;0.21
672;0.2
673;0.06
674;0.02
675;0.01
676;0.04
677;0.01
678;0.3
679;0.12
680;0.34
681;0.06
682;0.04
683;0.12
684;0
685;0.07
686;0.04
687;0.02
688;0.14
689;0.67
690;0.07
691;0.01
692;0.09
693;0
694;0.06
695;0.47
696;0
697;0.06
698;0.03
699;0.12
700;0.01
701;0.45
702;0
703;0.22
704;0.02
705;0.11
706;0.02
707;0
708;0.03
709;0.01
710;0.03
711;0.18
712;0.02
713;0.36
714;0.01
715;0
716;0.34
717;0.04
718;0.01
719;0.03
720;0.33
721;0.01
722;0.18
723;0.03
724;0.44
725;0.02
726;0.01
727;0.01
728;0
729;0.26
730;0.02
731;0.02
732;0.09
733;0.1
734;0.43
735;0.08
736;0.1
737;0.01
738;0.08
739;0.12
740;0.06
741;0.01
742;0.16
743;0.08
744;0.07
745;0.01
746;0.34
747;0.01
748;0
749;0.03
750;0.13
751;0
752;0.2
753;0.14
754;0.21
755;0.06
756;0.03
757;0.01
758;0.22
759;0.08
760;0.18
761;0.22
762;0.15
763;0.07
764;0.07
765;0
766;0.08
767;0.01
768;0.26
769;0.05
770;0
771;0.08
772;0
773;0.08
774;0.45
775;0.4
776;0
777;0.03
778;0
779;0.04
780;0.03
781;0.09
782;0.01
783;0
784;0.1
785;0.17
786;0.49
787;0.05
788;0.01
789;0.09
790;0.02
791;0.32
792;0.07
793;0.11
794;0.06
795;0
796;0.05
797;0
798;0.07
799;0.02
800;0.04
801;0
802;0.02
803;0.14
804;0.02
805;0.14
806;0.24
807;0.01
808;0
809;0.03
810;0.02
811;0.53
812;0.17
813;0.26
814;0.17
815;0
816;0.2
817;0.01
818;0.51
819;0.11
820;0.07
821;0.19
822;0.01
823;0.1
824;0.01
825;0.02
826;0
827;0.2
828;0.01
829;0
830;0
831;0.02
832;0
833;0.28
834;0.41
835;0
836;0.65
837;0.26
838;0.2
839;0
840;0.12
841;0.12
842;0.02
843;0.01
844;0.51
845;0.01
846;0.03
847;0.14
848;0.08
849;0.19
850;0.13
851;0.01
852;0.01
853;0.12
854;0.02
855;0
856;0.72
857;0.14
858;0.05
859;0
860;0
861;0
862;0.11
863;0
864;0
865;0.04
866;0.04
867;0.01
868;0.23
869;0.08
870;0.8
871;0.07
872;0
873;0.31
874;0
875;0.08
876;0
877;0.11
878;0.12
879;0.15
880;0.03
881;0.12
882;0.04
883;0.1
884;0.05
885;0
886;0.14
887;0.39
888;0.25
889;0.07
890;0.06
891;0.01
892;0.12
893;0.02
894;0.03
895;0.05
896;0.02
897;0.52
898;0.06
899;0.13
900;0.03
901;0.13
902;0
903;0.22
904;0.04
905;0.31
906;0.35
907;0.02
908;0
909;0
910;0.01
911;0.19
912;0.02
913;0.23
914;0.22
915;0
916;0.05
917;0.12
918;0
919;0.01
920;0.11
921;0.67
922;0
923;0.16
924;0.04
925;0.02
926;0.18
927;0
928;0.18
929;0.18
930;0.08
931;0.26
932;0
933;0.29
934;0.25
935;0.09
936;0.01
937;0.01
938;0.44
939;0.05
940;0.11
941;0.11
942;0.64
943;0.08
944;0.04
945;0.14
946;0.03
947;0
948;0.02
949;0.11
950;0.13
951;0.02
952;0.35
953;0
954;0.17
955;0.33
956;0.06
957;0.01
958;0.28
959;0.04
960;0.15
961;0.01
962;0.01
963;0.09
964;0.3
965;0.09
966;0.01
967;0.1
968;0.09
969;0.04
970;0.02
971;0.25
972;0.01
973;0.02
974;0.24
975;0.08
976;0.03
977;0.26
978;0.12
979;0.56
980;0.29
981;0
982;0.05
983;0.15
984;0.04
985;0.28
986;0
987;0.23
988;0.07
989;0.3
990;0.02
991;0.29
992;0.06
993;0.18
994;0.12
995;0.2
996;0.58
997;0.12
998;0.4
999;0.37
1000;0.06
